S11. Sociedades no financieras  nan nan nan nan nan nan nan nan nan
nan nan nan nan nan nan nan nan nan nan
Saldos contables nan nan nan nan nan nan nan nan nan
Unidades:   %, Millones Euros nan nan nan nan nan nan nan nan nan
nan nan nan nan nan nan nan nan nan nan
  Valor añadido bruto / Producto interior bruto nan nan Excedente de explotación bruto y Renta mixta bruta nan nan Ratio de participación del excedente de explotación bruto nan nan
  Dato base Variación anual Variación trimestral Dato base Variación anual Variación trimestral Dato base Variación anual Variación trimestral
    Datos no ajustados de estacionalidad y calendario nan nan nan nan nan nan nan nan nan
                2024T2 202820 4.4 4.8 74946 -3.4 12.7 37    
                2024T1 193549 2.8 -8.6 66507 -8.9 -26.7 34.4    
                2023T4 211863 3.8 9.8 90689 -2.7 27.2 42.8    
                2023T3 193018 5.9 -0.6 71270 0.3 -8.1 36.9    
                2023T2 194208 9.1 3.1 77580 10.9 6.3 39.9    
                2023T1 188355 13.9 -7.7 72967 22.2 -21.7 38.7    
                2022T4 204113 16.1 11.9 93174 24.6 31.1 45.6    
                2022T3 182338 17.1 2.5 71059 29.4 1.6 39    
                2022T2 177944 16.3 7.6 69950 20.4 17.2 39.3    
                2022T1 165347 15.3 -6 59694 20.3 -20.2 36.1    
                2021T4 175831 11.9 13 74777 15.4 36.1 42.5    
                2021T3 155651 6.6 1.7 54928 1.9 -5.4 35.3    
                2021T2 153016 23.9 6.7 58087 29.4 17.1 38    
                2021T1 143464 -3.7 -8.7 49614 -6.2 -23.5 34.6    
                2020T4 157162 -10 7.6 64824 -14.9 20.2 41.2    
                2020T3 146050 -10.1 18.3 53915 -16.2 20.1 36.9    
                2020T2 123464 -25.6 -17.1 44879 -34.6 -15.1 36.3    
                2020T1 148937 -5.2 -14.7 52883 -18.6 -30.6 35.5    
                2019T4 174571 5.1 7.4 76193 3.1 18.5 43.6    
                2019T3 162488 4.1 -2.1 64324 0.4 -6.3 39.6    
                2019T2 165916 4.7 5.6 68630 1.4 5.6 41.4    
                2019T1 157102 4.5 -5.4 64984 0.5 -12.1 41.4    
                2018T4 166127 2.5 6.4 73932 -0.5 15.5 44.5    
                2018T3 156096 3.7 -1.5 64036 1.3 -5.4 41    
                2018T2 158503 4 5.4 67705 2.8 4.7 42.7    
                2018T1 150341 3.9 -7.2 64647 3.2 -13 43    
                2017T4 162083 6.1 7.6 74299 6.7 17.5 45.8    
                2017T3 150565 4.3 -1.2 63235 2.7 -4 42    
                2017T2 152463 5.4 5.4 65877 4.7 5.1 43.2    
                2017T1 144659 4.4 -5.3 62671 4.2 -10 43.3    
                2016T4 152708 2.3 5.8 69635 2.8 13.1 45.6    
                2016T3 144312 3.6 -0.2 61596 5.9 -2.1 42.7    
                2016T2 144599 3.4 4.3 62911 6.2 4.6 43.5    
                2016T1 138596 4.2 -7.1 60159 6.6 -11.2 43.4    
                2015T4 149216 4.8 7.1 67757 4.2 16.5 45.4    
                2015T3 139360 5.7 -0.3 58151 7 -1.9 41.7    
                2015T2 139833 4.7 5.2 59260 5.1 5 42.4    
                2015T1 132959 5.4 -6.6 56442 6.1 -13.2 42.5    
                2014T4 142331 2.5 7.9 65052 -0.1 19.7 45.7    
                2014T3 131869 1.5 -1.3 54362 -0.6 -3.5 41.2    
                2014T2 133552 1.8 5.8 56358 -0.2 5.9 42.2    
                2014T1 126191 1 -9.1 53219 2.1 -18.2 42.2    
                2013T4 138891 -1.4 6.9 65096 0.2 19 46.9    
                2013T3 129913 -0.9 -1 54710 2.2 -3.1 42.1    
                2013T2 131235 -1.9 5.1 56487 2.3 8.4 43    
                2013T1 124884 -3.6 -11.3 52117 -0.5 -19.8 41.7    
                2012T4 140793 -3 7.4 64995 0.6 21.4 46.2    
                2012T3 131042 -3.8 -2 53528 -0.1 -3 40.8    
                2012T2 133730 -5 3.2 55204 -4.2 5.4 41.3    
                2012T1 129530 -3.8 -10.8 52370 -1.7 -18.9 40.4    
                2011T4 145161 -3.6 6.5 64609 -3.1 20.5 44.5    
                2011T3 136252 -2.2 -3.2 53604 -1.7 -7 39.3    
                2011T2 140697 -1 4.5 57608 -0.1 8.1 40.9    
                2011T1 134615 -0.2 -10.6 53285 1.8 -20.1 39.6    
                2010T4 150622 0.5 8.1 66707 1.2 22.4 44.3    
                2010T3 139319 -2.8 -2 54505 -6.1 -5.5 39.1    
                2010T2 142120 -3.4 5.4 57652 -7.5 10.1 40.6    
                2010T1 134840 -1 -10.1 52365 2.2 -20.6 38.8    
                2009T4 149939 -0.8 4.6 65929 4.3 13.6 44    
                2009T3 143316 -3.5 -2.6 58060 -0.3 -6.8 40.5    
                2009T2 147099 -3.7 8.1 62300 -0.2 21.6 42.4    
                2009T1 136137 -3 -9.9 51235 -2.3 -19 37.6    
                2008T4 151161 5.2 1.7 63218 10.1 8.6 41.8    
                2008T3 148590 10.9 -2.7 58213 18 -6.8 39.2    
                2008T2 152677 11.8 8.8 62437 16.8 19 40.9    
                2008T1 140372 10.4 -2.3 52467 10.8 -8.7 37.4    
                2007T4 143702 10.8 7.3 57444 16.8 16.5 40    
                2007T3 133945 9.7 -1.9 49313 13.3 -7.8 36.8    
                2007T2 136564 11 7.4 53475 15 12.9 39.2    
                2007T1 127104 11.5 -2 47366 16.6 -3.7 37.3    
                2006T4 129678 6.6 6.2 49199 4.9 13 37.9    
                2006T3 122102 9.2 -0.8 43527 8.8 -6.4 35.6    
                2006T2 123061 8.9 7.9 46484 8.1 14.4 37.8    
                2006T1 114015 9.3 -6.2 40633 7.8 -13.3 35.6    
                2005T4 121607 6.9 8.7 46880 6.9 17.2 38.6    
                2005T3 111859 8.6 -1.1 39994 11.2 -7 35.8    
                2005T2 113053 6.2 8.4 42991 5.9 14.1 38    
                2005T1 104312 6.9 -8.3 37690 10 -14.1 36.1    
                2004T4 113772 6 10.4 43856 5 22 38.5    
                2004T3 103048 5.7 -3.2 35952 4.7 -11.4 34.9    
                2004T2 106476 6 9.2 40594 4.3 18.4 38.1    
                2004T1 97535 6.7 -9.2 34273 6.7 -18 35.1    
                2003T4 107379 5 10.2 41772 4.4 21.6 38.9    
                2003T3 97454 6.5 -3 34338 9.7 -11.8 35.2    
                2003T2 100480 6.4 9.9 38920 9.1 21.1 38.7    
                2003T1 91413 5.5 -10.6 32132 5.5 -19.7 35.2    
                2002T4 102308 6.6 11.8 40020 6.2 27.8 39.1    
                2002T3 91489 6 -3.1 31315 5.3 -12.2 34.2    
                2002T2 94429 6.2 9 35668 4.4 17.1 37.8    
                2002T1 86632 6.7 -9.7 30460 7.5 -19.2 35.2    
                2001T4 95929 7.2 11.1 37679 5.8 26.7 39.3    
                2001T3 86346 8 -2.9 29729 8.6 -13 34.4    
                2001T2 88931 9.5 9.5 34174 13.5 20.6 38.4    
                2001T1 81190 7.7 -9.3 28325 5.3 -20.5 34.9    
                2000T4 89499 9.2 11.9 35629 10.5 30.1 39.8    
                2000T3 79984 9.1 -1.6 27380 8.9 -9.1 34.2    
                2000T2 81246 9 7.8 30116 5.2 11.9 37.1    
                2000T1 75391 8.9 -8 26909 6.5 -16.5 35.7    
                1999T4 81973   11.9 32231   28.1 39.3    
                1999T3 73287   -1.6 25153   -12.1 34.3    
                1999T2 74509   7.6 28628   13.3 38.4    
                1999T1 69236     25276     36.5    
    Datos ajustados de estacionalidad y calendario nan nan nan nan nan nan nan nan nan
                2024T2 204367 4.4 1.7 74784 -4.8 0.4 36.6    
                2024T1 200920 2.8 1 74460 -7.7 -2.4 37.1    
                2023T4 198964 3.8 0.9 76280 -2.6 -1 38.3    
                2023T3 197236 5.8 0.7 77031 0.3 -1.9 39.1    
                2023T2 195808 9.1 0.2 78533 9.9 -2.6 40.1    
                2023T1 195436 13.5 1.9 80662 19.9 2.9 41.3    
                2022T4 191751 15.6 2.9 78353 22.7 2 40.9    
                2022T3 186387 17.1 3.9 76819 29.8 7.5 41.2    
                2022T2 179412 16.8 4.2 71431 22.4 6.2 39.8    
                2022T1 172192 15.3 3.8 67274 20 5.4 39.1    
                2021T4 165903 11.2 4.3 63838 12.8 7.9 38.5    
                2021T3 159109 6.6 3.6 59191 3.1 1.5 37.2    
                2021T2 153618 24.8 2.9 58336 31.1 4.1 38    
                2021T1 149332 -3.1 0.1 56041 -3.3 -1 37.5    
                2020T4 149154 -10.4 -0.1 56619 -17.4 -1.4 38    
                2020T3 149280 -10 21.3 57431 -16.1 29 38.5    
                2020T2 123081 -25.4 -20.1 44504 -34.9 -23.2 36.2    
                2020T1 154098 -5.2 -7.5 57947 -15.8 -15.5 37.6    
                2019T4 166533 4.6 0.4 68554 1.8 0.2 41.2    
                2019T3 165920 4.4 0.6 68446 0.8 0.2 41.3    
                2019T2 165002 4.8 1.5 68338 1 -0.7 41.4    
                2019T1 162622 4.5 2.1 68793 2 2.2 42.3    
                2018T4 159224 2.4 0.2 67320 -0.8 -0.8 42.3    
                2018T3 158892 3.9 1 67886 2 0.4 42.7    
                2018T2 157385 3.8 1.2 67643 2.2 0.3 43    
                2018T1 155566 3.9 0.1 67471 3 -0.6 43.4    
                2017T4 155450 6.2 1.7 67873 6 2 43.7    
                2017T3 152926 4.5 0.8 66547 3.4 0.6 43.5    
                2017T2 151642 5.3 1.3 66175 4.6 1.1 43.6    
                2017T1 149752 4.3 2.3 65487 4.5 2.3 43.7    
                2016T4 146381 2.7 0.1 64031 3.7 -0.5 43.7    
                2016T3 146279 3.6 1.6 64360 5.7 1.8 44    
                2016T2 144019 3.3 0.3 63241 5.7 0.9 43.9    
                2016T1 143536 3.9 0.7 62669 6 1.5 43.7    
                2015T4 142598 5.3 1 61736 6.4 1.4 43.3    
                2015T3 141235 5.7 1.3 60912 6.7 1.8 43.1    
                2015T2 139410 4.7 0.9 59814 4.9 1.1 42.9    
                2015T1 138125 4.9 2 59148 4 1.9 42.8    
                2014T4 135460 3 1.3 58018 1.4 1.6 42.8    
                2014T3 133666 1.6 0.4 57100 -0.5 0.2 42.7    
                2014T2 133136 1.6 1.1 57005 -0.5 0.2 42.8    
                2014T1 131681 0.6 0.2 56868 0.6 -0.6 43.2    
                2013T4 131465 -1 -0.1 57201 0.6 -0.3 43.5    
                2013T3 131570 -1 0.4 57372 1.5 0.1 43.6    
                2013T2 131045 -1.9 0.2 57303 2.4 1.4 43.7    
                2013T1 130843 -3.7 -1.5 56534 -0.4 -0.6 43.2    
                2012T4 132815 -3 0 56887 0.7 0.7 42.8    
                2012T3 132863 -3.9 -0.5 56497 -0.8 1 42.5    
                2012T2 133580 -4.7 -1.7 55950 -3.3 -1.4 41.9    
                2012T1 135837 -3.9 -0.8 56763 -1.8 0.5 41.8    
                2011T4 136956 -3.9 -1 56504 -3 -0.8 41.3    
                2011T3 138271 -1.9 -1.4 56952 -0.8 -1.5 41.2    
                2011T2 140186 -0.6 -0.8 57833 0.6 0 41.3    
                2011T1 141312 -0.7 -0.8 57817 -0.5 -0.7 40.9    
                2010T4 142456 -0.3 1 58252 -2.1 1.5 40.9    
                2010T3 141000 -2.2 -0.1 57410 -4.6 -0.1 40.7    
                2010T2 141094 -2.7 -0.9 57468 -5.2 -1.1 40.7    
                2010T1 142351 -1.4 -0.4 58099 1.5 -2.4 40.8    
                2009T4 142912 -1.7 -0.9 59511 -0.5 -1.1 41.6    
                2009T3 144198 -3.5 -0.5 60165 -0.7 -0.7 41.7    
                2009T2 144990 -3.2 0.4 60598 2.3 5.8 41.8    
                2009T1 144391 -2.6 -0.6 57250 0.9 -4.3 39.6    
                2008T4 145325 5.3 -2.8 59840 8.6 -1.2 41.2    
                2008T3 149439 10.5 -0.2 60564 16.2 2.3 40.5    
                2008T2 149790 11.5 1 59217 17 4.4 39.5    
                2008T1 148246 10.8 7.5 56714 14 2.9 38.3    
                2007T4 137948 11.1 2 55113 18.8 5.7 40    
                2007T3 135261 9.3 0.7 52129 13.6 3 38.5    
                2007T2 134352 10.8 0.4 50616 14 1.8 37.7    
                2007T1 133754 11.7 7.7 49740 15.2 7.3 37.2    
                2006T4 124137 7 0.3 46375 7.3 1.1 37.4    
                2006T3 123749 8.6 2.1 45875 8.3 3.3 37.1    
                2006T2 121214 8.9 1.2 44408 7.9 2.8 36.6    
                2006T1 119756 9.3 3.2 43185 5.8 -0.1 36.1    
                2005T4 116016 7.5 1.8 43213 8.8 2 37.2    
                2005T3 113958 8 2.4 42369 9.5 2.9 37.2    
                2005T2 111272 6.4 1.5 41162 6.9 0.9 37    
                2005T1 109585 6.6 1.6 40811 8.1 2.7 37.2    
                2004T4 107898 6.5 2.3 39729 6.1 2.7 36.8    
                2004T3 105471 5.4 0.8 38685 3.7 0.5 36.7    
                2004T2 104628 6 1.7 38499 4.8 2 36.8    
                2004T1 102834 6.4 1.5 37762 5.8 0.9 36.7    
                2003T4 101328 5.3 1.3 37431 5.7 0.4 36.9    
                2003T3 100032 6.3 1.3 37290 8.4 1.5 37.3    
                2003T2 98722 6.2 2.2 36741 8.6 2.9 37.2    
                2003T1 96644 5.5 0.4 35700 5.6 0.8 36.9    
                2002T4 96235 6.7 2.3 35417 7 3 36.8    
                2002T3 94105 5.9 1.3 34397 4.8 1.7 36.6    
                2002T2 92931 6 1.5 33832 3.5 0 36.4    
                2002T1 91587 7 1.5 33817 8.1 2.2 36.9    
                2001T4 90206 7.2 1.5 33099 6 0.9 36.7    
                2001T3 88903 7.9 1.4 32811 8.2 0.3 36.9    
                2001T2 87703 9.1 2.5 32701 12 4.5 37.3    
                2001T1 85584 8.1 1.7 31296 6.9 0.2 36.6    
                2000T4 84173 9.2 2.2 31226 10.1 3 37.1    
                2000T3 82388 9.1 2.5 30331 8.3 3.9 36.8    
                2000T2 80383 8.8 1.5 29204 5.3 -0.2 36.3    
                2000T1 79176 9.1 2.7 29273 7.7 3.2 37    
                1999T4 77058   2.1 28369   1.3 36.8    
                1999T3 75502   2.2 27998   1 37.1    
                1999T2 73872   1.8 27730   2 37.5    
                1999T1 72573     27191     37.5    
nan nan nan nan nan nan nan nan nan nan
nan nan nan nan nan nan nan nan nan nan
Notas: nan nan nan nan nan nan nan nan nan
nan nan nan nan nan nan nan nan nan nan
Fuente:  nan nan nan nan nan nan nan nan nan
